Xbee	어레이아이디	x	y	dc path	Serial	Coordi	Index
5945	179	1	1		0013A2004151DF36	16	0
5946	179	2	1		0013A2004151DF36	16	0
5947	179	3	1		0013A2004151DF48	16	0
5948	179	4	1		0013A2004151DF48	16	0
5949	179	5	1		0013A2004151DF3A	16	0
5950	179	6	1		0013A2004151DF3A	16	0
5951	179	7	1		0013A2004151DF44	16	0
5952	179	8	1		0013A2004151DF44	16	0
5953	179	9	1		0013A2004151DF22	16	0
5954	179	10	1		0013A2004151DF22	16	0
5955	179	11	1		0013A2004151DF23	16	0
5956	179	12	1		0013A2004151DF23	16	0
5957	179	13	1		0013A2004151DF28	16	0
5958	179	14	1		0013A2004151DF28	16	0
5959	179	15	1		0013A2004151DF47	16	0
5960	179	16	1		0013A2004151DF47	16	0
5961	179	1	2		0013A2004151DF1E	16	0
5962	179	2	2		0013A2004151DF1E	16	0
5963	179	3	2		0013A2004151DF6A	16	0
5964	179	4	2		0013A2004151DF6A	16	0
5965	179	5	2		0013A20041099AFA	16	0
5966	179	6	2		0013A20041099AFA	16	0
5967	179	7	2		0013A20041099AF2	16	0
5968	179	8	2		0013A20041099AF2	16	0
5969	179	9	2		0013A20041099AF5	16	0
5970	179	10	2		0013A20041099AF5	16	0
5971	179	11	2		0013A20041099AEE	16	0
5972	179	12	2		0013A20041099AEE	16	0
5973	179	13	2		0013A2004151DF6B	16	0
5974	179	14	2		0013A2004151DF6B	16	0
5975	179	15	2		0013A20041099AF1	16	0
5976	179	16	2		0013A20041099AF1	16	0
5977	180	1	1		0013A2004151DF67	16	0
5978	180	2	1		0013A2004151DF67	16	0
5979	180	3	1		0013A2004151DEFC	16	0
5980	180	4	1		0013A2004151DEFC	16	0
5981	180	5	1		0013A2004151DF64	16	0
5982	180	6	1		0013A2004151DF64	16	0
5983	180	7	1		0013A2004151DF1F	16	0
5984	180	8	1		0013A2004151DF1F	16	0
5985	180	9	1		0013A2004151D504	16	0
5986	180	10	1		0013A2004151D504	16	0
5987	180	11	1		0013A20041753348	16	0
5988	180	12	1		0013A20041753348	16	0
5989	180	13	1		0013A20041753358	16	0
5990	180	14	1		0013A20041753358	16	0
5991	180	15	1		0013A2004175334B	16	0
5992	180	16	1		0013A2004175334B	16	0
5993	180	1	2		0013A20041753349	16	0
5994	180	2	2		0013A20041753349	16	0
5995	180	3	2		0013A2004175334E	16	0
5996	180	4	2		0013A2004175334E	16	0
5997	180	5	2		0013A20041753355	16	0
5998	180	6	2		0013A20041753355	16	0
5999	180	7	2		0013A2004175334C	16	0
6000	180	8	2		0013A2004175334C	16	0
6001	180	9	2		0013A2004175334D	16	0
6002	180	10	2		0013A2004175334D	16	0
6003	180	11	2		0013A20041753356	16	0
6004	180	12	2		0013A20041753356	16	0
6005	180	13	2		0013A2004175334A	16	0
6006	180	14	2		0013A2004175334A	16	0
6007	180	15	2		0013A2004175334F	16	0
6008	180	16	2		0013A2004175334F	16	0
6009	186	1	1		0013A20041094C51	16	0
6010	186	2	1		0013A20041094C51	16	0
6011	186	3	1		0013A20041094C57	16	0
6012	186	4	1		0013A20041094C57	16	0
6013	186	5	1		0013A200410886A5	16	0
6014	186	6	1		0013A200410886A5	16	0
6015	186	7	1		0013A20041094C5B	16	0
6016	186	8	1		0013A20041094C5B	16	0
6017	186	9	1		0013A20041094C59	16	0
6018	186	10	1		0013A20041094C59	16	0
6019	186	11	1		0013A200410886A8	16	0
6020	186	12	1		0013A200410886A8	16	0
6021	186	13	1		0013A20041094C53	16	0
6022	186	14	1		0013A20041094C53	16	0
6023	186	15	1		0013A20041094C56	16	0
6024	186	16	1		0013A20041094C56	16	0
6025	186	1	2		0013A20041094C58	16	0
6026	186	2	2		0013A20041094C58	16	0
6027	186	3	2		0013A20041094C45	16	0
6028	186	4	2		0013A20041094C45	16	0
6029	186	5	2		0013A20041094C5D	16	0
6030	186	6	2		0013A20041094C5D	16	0
6031	186	7	2		0013A20041094C5A	16	0
6032	186	8	2		0013A20041094C5A	16	0
6033	186	9	2		0013A20041094C61	16	0
6034	186	10	2		0013A20041094C61	16	0
6035	186	11	2		0013A20041094C5F	16	0
6036	186	12	2		0013A20041094C5F	16	0
6037	186	13	2		0013A20041094C60	16	0
6038	186	14	2		0013A20041094C60	16	0
6039	186	15	2		0013A200410886AA	16	0
6040	186	16	2		0013A200410886AA	16	0
6041	187	1	1		0013A20041094C4E	16	0
6042	187	2	1		0013A20041094C4E	16	0
6043	187	3	1		0013A20041094C69	16	0
6044	187	4	1		0013A20041094C69	16	0
6045	187	5	1		0013A20041094C65	16	0
6046	187	6	1		0013A20041094C65	16	0
6047	187	7	1		0013A20041094C5E	16	0
6048	187	8	1		0013A20041094C5E	16	0
6049	187	9	1		0013A20041094C5C	16	0
6050	187	10	1		0013A20041094C5C	16	0
6051	187	11	1		0013A200417341DC	16	0
6052	187	12	1		0013A200417341DC	16	0
6053	187	13	1		0013A20041734107	16	0
6054	187	14	1		0013A20041734107	16	0
6055	187	15	1		0013A20041734125	16	0
6056	187	16	1		0013A20041734125	16	0
6057	187	1	2		0013A2004173412B	16	0
6058	187	2	2		0013A2004173412B	16	0
6059	187	3	2		0013A20041094BF7	16	0
6060	187	4	2		0013A20041094BF7	16	0
6061	187	5	2		0013A20041734108	16	0
6062	187	6	2		0013A20041734108	16	0
6063	187	7	2		0013A20041734127	16	0
6064	187	8	2		0013A20041734127	16	0
6065	187	9	2		0013A2004173412F	16	0
6066	187	10	2		0013A2004173412F	16	0
6067	187	11	2		0013A20041734121	16	0
6068	187	12	2		0013A20041734121	16	0
6069	187	13	2		0013A2004173412C	16	0
6070	187	14	2		0013A2004173412C	16	0
6071	187	15	2		0013A20041734128	16	0
6072	187	16	2		0013A20041734128	16	0
6073	193	1	1		0013A200417341C0	16	0
6074	193	2	1		0013A200417341C0	16	0
6075	193	3	1		0013A200417341D2	16	0
6076	193	4	1		0013A200417341D2	16	0
6077	193	5	1		0013A200417341D1	16	0
6078	193	6	1		0013A200417341D1	16	0
6079	193	7	1		0013A200417341D0	16	0
6080	193	8	1		0013A200417341D0	16	0
6081	193	9	1		0013A200417341D5	16	0
6082	193	10	1		0013A200417341D5	16	0
6083	193	11	1		0013A200417341C7	16	0
6084	193	12	1		0013A200417341C7	16	0
6085	193	13	1		0013A200417341C5	16	0
6086	193	14	1		0013A200417341C5	16	0
6087	193	15	1		0013A200417341CA	16	0
6088	193	16	1		0013A200417341CA	16	0
6089	193	1	2		0013A200417341C8	16	0
6090	193	2	2		0013A200417341C8	16	0
6091	193	3	2		0013A200417341CF	16	0
6092	193	4	2		0013A200417341CF	16	0
6093	193	5	2		0013A20041094CB5	16	0
6094	193	6	2		0013A20041094CB5	16	0
6095	193	7	2		0013A2004108873F	16	0
6096	193	8	2		0013A2004108873F	16	0
6097	193	9	2		0013A20041094CA0	16	0
6098	193	10	2		0013A20041094CA0	16	0
6099	193	11	2		0013A20041094C98	16	0
6100	193	12	2		0013A20041094C98	16	0
6101	193	13	2		0013A20041094C9C	16	0
6102	193	14	2		0013A20041094C9C	16	0
6103	193	15	2		0013A20041094CB9	16	0
6104	193	16	2		0013A20041094CB9	16	0
6105	194	1	1		0013A20041094CB4	16	0
6106	194	2	1		0013A20041094CB4	16	0
6107	194	3	1		0013A20041094CB8	16	0
6108	194	4	1		0013A20041094CB8	16	0
6109	194	5	1		0013A20041094CB7	16	0
6110	194	6	1		0013A20041094CB7	16	0
6111	194	7	1		0013A20041094CB6	16	0
6112	194	8	1		0013A20041094CB6	16	0
6113	194	9	1		0013A20041094CBE	16	0
6114	194	10	1		0013A20041094CBE	16	0
6115	194	11	1		0013A20041094CBA	16	0
6116	194	12	1		0013A20041094CBA	16	0
6117	194	13	1		0013A20041094CBC	16	0
6118	194	14	1		0013A20041094CBC	16	0
6119	194	15	1		0013A20041094CBB	16	0
6120	194	16	1		0013A20041094CBB	16	0
6121	194	1	2		0013A20041094CBF	16	0
6122	194	2	2		0013A20041094CBF	16	0
6123	194	3	2		0013A20041094CC5	16	0
6124	194	4	2		0013A20041094CC5	16	0
6125	194	5	2		0013A20041094CC3	16	0
6126	194	6	2		0013A20041094CC3	16	0
6127	194	7	2		0013A20041094CC0	16	0
6128	194	8	2		0013A20041094CC0	16	0
6129	194	9	2		0013A20041094CC2	16	0
6130	194	10	2		0013A20041094CC2	16	0
6131	194	11	2		0013A20041094CC6	16	0
6132	194	12	2		0013A20041094CC6	16	0
6133	194	13	2		0013A20041094CCB	16	0
6134	194	14	2		0013A20041094CCB	16	0
6135	194	15	2		0013A20041094CCD	16	0
6136	194	16	2		0013A20041094CCD	16	0
6137	199	1	2		0013A20041088CD4	16	0
6138	199	2	2		0013A20041088CD4	16	0
6139	199	3	2		0013A20041088D1B	16	0
6140	199	4	2		0013A20041088D1B	16	0
6141	199	5	2		0013A20041088D1C	16	0
6142	199	6	2		0013A20041088D1C	16	0
6143	199	7	2		0013A20041519F12	16	0
6144	199	8	2		0013A20041519F12	16	0
6145	199	9	2		0013A20041088CE3	16	0
6146	199	10	2		0013A20041088CE3	16	0
6147	199	11	2		0013A20041088CD5	16	0
6148	199	12	2		0013A20041088CD5	16	0
6149	199	13	2		0013A20041088D2B	16	0
6150	199	14	2		0013A20041088D2B	16	0
6151	199	15	2		0013A20041088D41	16	0
6152	199	16	2		0013A20041088D41	16	0
6153	200	1	1		0013A20041088CCE	16	0
6154	200	2	1		0013A20041088CCE	16	0
6155	200	3	1		0013A20041088D3E	16	0
6156	200	4	1		0013A20041088D3E	16	0
6157	200	5	1		0013A20041088D2E	16	0
6158	200	6	1		0013A20041088D2E	16	0
6159	200	7	1		0013A20041088D38	16	0
6160	200	8	1		0013A20041088D38	16	0
6161	200	1	2		0013A20041088D2D	16	0
6162	200	2	2		0013A20041088D2D	16	0
6163	200	3	2		0013A20041088CD9	16	0
6164	200	4	2		0013A20041088CD9	16	0
6165	200	5	2		0013A20041088D36	16	0
6166	200	6	2		0013A20041088D36	16	0
6167	200	7	2		0013A20041088D22	16	0
6168	200	8	2		0013A20041088D22	16	0
